1 2 3 1 2 3 4 5 6 7 8 9 3 1 2 3 4 5 6 7
4 5 6 7 8 9 1 2 3 1 2 3 5 6 7 8 9 1 2 3
7 8 9 4 5 6 4 5 6 4 5 6 9 7 8 9 1 2 3 1
4 5 6 4 5 6 7 8 9 7 8 9 9 7 8 9 1 2 3 1
7 8 9 7 8 9 1 2 3 1 2 3 2 3 1 2 3 4 5 6
4 5 6 4 5 6 7 8 9 7 8 9 6 4 5 6 7 8 9 7
7 8 9 7 8 9 7 8 9 7 8 9 8 9 7 8 9 7 8 9
4 5 6 4 5 6 4 5 6 4 5 6 9 7 8 9 7 8 9 7
7 8 9 7 8 9 7 8 9 7 8 9 5 6 4 5 6 4 5 6
7 8 9 7 8 9 7 8 9 7 8 9 8 9 7 8 9 7 8 9
1 2 3 1 2 3 4 5 6 7 8 9 3 1 2 3 4 5 6 7
4 5 6 7 8 9 1 2 3 1 2 3 5 6 7 8 9 1 2 3
7 8 9 4 5 6 4 5 6 4 5 6 9 7 8 9 1 2 3 1
4 5 6 4 5 6 7 8 9 7 8 9 9 7 8 9 1 2 3 1
7 8 9 7 8 9 1 2 3 1 2 3 2 3 1 2 3 4 5 6
4 5 6 4 5 6 7 8 9 7 8 9 6 4 5 6 7 8 9 7
7 8 9 7 8 9 7 8 9 7 8 9 8 9 7 8 9 7 8 9
4 5 6 4 5 6 4 5 6 4 5 6 9 7 8 9 7 8 9 7
7 8 9 7 8 9 7 8 9 7 8 9 5 6 4 5 6 4 5 6
7 8 9 7 8 9 7 8 9 7 8 9 8 9 7 8 9 7 8 9
